26943629 26940504 26939047 26938868 26927450 26914330 26903610 26888897 26865554 26862926 26854199 26840156 
       2        2        3        4        2        2       12        4        2        2        3        2 
26821709 26794427 26774331 26615388 26611910 26527535 26482390 26403318 26283013 26101272 26085147 26071336 
       1        2        3        4        2        3        4        4        2        4        3        4 
26061233 25996909 25625872 25600600 25530324 25514122 25310102 25299181 25001879 24516683 24421913 24148652 
       4        1        4        4        4        1        3        3        4        3        4        3 
23936579 22953014 22825831 22389730 19788800 18680646 18674965 26948433 26946926 26945753 26944028 26944027 
       3        3        4        3        3        4        4        2        2        2        1        1 
26941134 26939897 26939607 26938703 26937739 26934531 26932263 26925496 26923081 26921737 26919943 26917636 
       4        4        2        2        2        3        2        2        2        1        1        4 
26914810 26914500 26911940 26906627 26905027 26901275 26898855 26898198 26897760 26897108 26897106 26890470 
       3        2        3        1        4        3        2        1        2        2        2        1 
26890059 26889662 26884455 26879565 26876373 26872416 26868672 26866840 26866485 26865476 26864175 26862812 
       2        2        1        1        2        2        2        2        2        2        1        3 
26859285 26858352 26852727 26852261 26850984 26849748 26848089 26848011 26842033 26841979 26840174 26839247 
       2        4       14        2        2        4        2        2        2        7        1        2 
26832396 26824625 26820387 26820244 26820163 26818622 26812929 26799213 26796813 26783242 26782128 26778293 
       2        3        2        2        2        2        3        2        2        2        1        2 
26777915 26775125 26775124 26774330 26762624 26761185 26754201 26751510 26748604 26731034 26706817 26702627 
       4        2        2        2        4        2        1        2        1        2        3        4 
26698165 26696621 26689277 26684466 26674815 26674809 26627575 26584464 26552108 26521519 26401719 26390164 
       4        2        4        2        4        4        2        4        2        1        4        2 
26257029 26194519 26142684 26113729 26084316 25898277 25811410 25722614 25706914 25625687 25559142 25404071 
       1        4        1        4        4        4        4        2        2        4        1        3 
25345518 25341051 25294619 25062427 24983096 24944843 24917859 24909208 24903869 24856001 24739982 24721538 
       7        4        4        4        4        4        5        4        4        4        4        4 
24626205 24605459 24507467 24507466 26839785 23878182 22305269 21529401 23057269 19762169 19725383 19516034 
       4        3        4        4        1        4        4        4        1        5        3        4 
17195954 12685070 11681215 11463123 10436653  7520190  8099299  1659238  2559514  2841406  3028713  6309104 
       6       11        3        3        1        8        3        9        1        2        3        3 
 6314612  6306872  6809352  6304948  6274526  6275577  6268925   489960   743766    33772   906078   413216 
      10        1        3        3        3        4       15        3        3        1        1        1 
  407675  1245842  1243735  1124969  4799154  4546521  4403105  5002906  5313066  4976739 14175744 14230895 
       1        2        3        3        2        1        1        2        3        3        4        3 
13556872 13380987 13337908 13281796 13157159 13077697 13077401 12995441 12995440 26959308 26959260 26959258 
       3        3        3        1        4       13        1        3        4        2        4        2 
26958738 26956448 26955231 26952870 26963593 26962217 26961637 26960750 26970698 26969782 26976611 26985965 
       2        4        4        2        2        2        3        1        1        4        2        1 
26980239 26993883 26991663 26996139 27013839 27013429 27007567 27006779 27004142 27001741 27001187 27022155 
       2        2        3        3        4        2        4        4        2        2        2        3 
27038591 27033547 27029869 27029595 27028667 27028561 27066299 27064148 27063794 27058728 27052794 27050112 
       2        4        3        2        2        3        2        2        2        2       12        2 
27077095 27075009 27074377 27071041 27070912 27070735 27069825 27069344 27066744 27066743 27105225 27103718 
       2        2        2        2        4        4        2        4        2        2        3        5 
27099632 27093860 27093158 27090089 27089253 27089120 27088970 27088817 27088574 27088494 27088323 27088243 
       2        4        3        4        4        2        4        2        2        2        4        4 
27111294 27115737 27114968 27134823 27134732 27134728 27119012 27118425 27143490 27143174 27174284 27174274 
       2        7        2        4        1        2        2        2        2        3        4        6 
27168917 27163257 27158557 27149628 27149521 27148186 27187593 27186984 27180225 27205899 27193266 27214379 
       4        4        2        3        4        3        2        4        2        2        2        3 
27212660 27232603 27227971 27244249 27257326 27280061 27279226 27278486 27274849 27274588 27268016  1085217 
       3        7        2        1        4        1        2        4        4        2        2        3 
 2994899  3021352  3501739  4156499  4381758  4405506  4538037  4538039  4545318  5313065  6275708  7745744 
      15       15        1        1        4        3        1        4        1        3        2        3 
 7884909  8387544  8666081  8809462  9420202  9705406 10066833 10405398 11023962 11326014 11585535 12643833 
       3        2        3        9        8        8        9        8        9        8        8        3 
12789111 13084555 13511144 13634000 14595016 14696333 14720391 15331698 15498171 15695666 16081910 16699025 
      13        4       13        4        9        9        1        8        9        8        8        2 
16836823 17014880 17254309 17280788 17648689 18069894 18087566 18218114 18258075 18325274 18625079 18854484 
       3        3        1        3        4        9       11        8        3        3        9       11 
19209955 19259263 19265532 19365540 19399166 19535518 19564909 19570865 19776238 19857523 19945487 20066051 
       8        3        9        9        3        4        9        6        8        4        6        1 
20100349 20179353 20302539 20377873 20426860 20444282 20565765 20572793 20682888 20925917 20956733 21455312 
       1        1        9        5        9        3        1        9        1        9        5        3 
21529382 21666708 21801633 21811645 21896802 21943222 21949814 21994326 22000165 22144461 22217181 22235155 
       4        3        6        3        9        8        5        3        3        8        5        4 
22305525 22354945 22384387 22448724 22460397 22510395 22563517 22566909 22692734 22720097 22817479 22823595 
       3        6        9        3        3        3        9        5        3        3        4        4 
22897918 22908261 22937872 22966199 23092548 23092696 23130961 23133693 23151166 23200503 23343982 23378666 
       3        2        8        6        3        3        4        9        3        4        9       11 
23410000 23497254 23516233 23590316 23593520 23620839 23661832 23805790 23809208 23816256 23874828 23887620 
       8        1        6        3        8        5        8        3        3        8        5        5 
23935524 23941427 24009512 24043687 24056604 24069490 24072061 24100889 24168143 24179475 24194868 24225644 
       9        5        3        3        6        8        5        5        9        5       11        5 
24237456 24420775 24427764 24454773 24468533 24470951 24475112 24478593 24531334 24551252 24565408 24567319 
       9        3        5        3        1        5        3        3        5        9        3        1 
24574415 24605476 24615140 24625959 24627562 24659950 24662675 24690234 24695528 24740263 24745971 24794113 
       3        3        3        5        4        5       11        5        5       11        4        9 
24886160 24947520 25062350 25102428 25120559 25122799 25229345 25229703 25271852 25275366 25311694 25324837 
       3        3        3        4        5        5        5        5        4        9       10        5 
25355078 25404070 25416679 25421891 25421894 25422393 25513658 25589229 25590460 25642225 25811534 25848290 
       3        3        4        3        9        3        4        3        3        5        4       10 
25859151 25866777 25880767 25885461 25888736 25899080 25946067 25976325 25993633 26038768 26053926 26056256 
       4       10        5        3        5        3        5        7        7        3        5        3 
26247366 26282836 26334826 26338714 26346305 26385938 26399159 26406240 26410592 26413514 26416109 26447467 
       7        5        1        5        3        3        5        4        3        3        7        4 
26463204 26468529 26483989 26494140 26514826 26537672 26600318 26610546 26641858 26676771 26683460 26812472 
       3        3        2        1        9        9        8        3        1        1        3        4 
26821032 26850219 26853457 26897521 26897660 26905241 26909342 26910315 26918158 26938618 26969623 26978389 
       3        4        4        3        4        6       10        4        4        2        1        3 
26986201 26986235 26986468 26999664 27001840 27007411 27028323 27049584 27068686 27083158 27094326 27101839 
       3        3        7        4        4        3        3        4        4        4        5        3 
27124663 27135922 27140859 27144888 27144981 27154247 27165108 27195114 27203689 27213040 27223693 27227829 
       4        4        4        7        3        1        3        5        4        2        4        4 
27229686 27233238 27239817 27259984 27267256 27274912 
      14       12        3       14        1        2 
